Gold (OG|GC) OG2N6 (7.63 DTE) vs 4135.5 (+9.8) - Open Interest
Put: 3,247  Call: 4,265  Vol: 23.57  Vol Chg: 0.02  Future Chg: 9.8
Strike,Call,Put,Vol Settle
3750,0,98,0.3340404196295026
3775,0,19,0.32649137315432597
3800,2,344,0.3186918815212607
3825,0,246,0.3107481706128965
3850,1,112,0.30276121254883037
3875,0,31,0.2948267256860788
3900,2,474,0.2870351746197173
3925,0,88,0.27947177018157277
3950,1,97,0.27221646944133226
3975,0,118,0.26534397570597434
4000,16,188,0.25892373852033757
4025,76,108,0.25301995366629626
4050,60,37,0.24769156316313
4075,35,54,0.24299225526789314
4100,534,98,0.23897046447504522
4125,67,40,0.2356693715162237
4150,258,18,0.23312690336109654
4175,71,87,0.2313757332162254
4200,341,79,0.23044328052608876
4225,106,15,0.23035171097228613
4250,679,56,0.23111793647387913
4275,44,35,0.23275361518767568
4300,681,5,0.2352651515074058
4325,38,101,0.2386536960653416
4350,85,146,0.2429151457301657
4375,36,0,0.24804014360844917
4400,114,51,0.2540140790441967
4425,5,0,0.2608170876188183
4450,95,1,0.26842405115115753
4475,27,3,0.2768045976975202
4500,122,122,
4525,10,1,
4550,61,3,
4575,6,1,
